     1    5        -1         1     1000022     1000023          21                                                                          
     2    5        -1        21     1000022     1000023          -1                                                                          
     3    5         1        -1     1000022     1000023          21                                                                          
     4    5         1        21     1000022     1000023           1                                                                          
     5    5        -2         2     1000022     1000023          21                                                                          
     6    5        -2        21     1000022     1000023          -2                                                                          
     7    5         2        -2     1000022     1000023          21                                                                          
     8    5         2        21     1000022     1000023           2                                                                          
     9    5        -4         4     1000022     1000023          21                                                                          
    10    5        -4        21     1000022     1000023          -4                                                                          
    11    5         4        -4     1000022     1000023          21                                                                          
    12    5         4        21     1000022     1000023           4                                                                          
    13    5        -3         3     1000022     1000023          21                                                                          
    14    5        -3        21     1000022     1000023          -3                                                                          
    15    5         3        -3     1000022     1000023          21                                                                          
    16    5         3        21     1000022     1000023           3                                                                          
    17    5        -5         5     1000022     1000023          21                                                                          
    18    5        -5        21     1000022     1000023          -5                                                                          
    19    5         5        -5     1000022     1000023          21                                                                          
    20    5         5        21     1000022     1000023           5                                                                          
    21    5        21        -1     1000022     1000023          -1                                                                          
    22    5        21         1     1000022     1000023           1                                                                          
    23    5        21        -2     1000022     1000023          -2                                                                          
    24    5        21         2     1000022     1000023           2                                                                          
    25    5        21        -4     1000022     1000023          -4                                                                          
    26    5        21         4     1000022     1000023           4                                                                          
    27    5        21        -3     1000022     1000023          -3                                                                          
    28    5        21         3     1000022     1000023           3                                                                          
    29    5        21        -5     1000022     1000023          -5                                                                          
    30    5        21         5     1000022     1000023           5                                                                          
