     1    4        -1         1     1000022     1000022                                                                                      
     2    4         1        -1     1000022     1000022                                                                                      
     3    4        -2         2     1000022     1000022                                                                                      
     4    4         2        -2     1000022     1000022                                                                                      
     5    4        -4         4     1000022     1000022                                                                                      
     6    4         4        -4     1000022     1000022                                                                                      
     7    4        -3         3     1000022     1000022                                                                                      
     8    4         3        -3     1000022     1000022                                                                                      
     9    4        -5         5     1000022     1000022                                                                                      
    10    4         5        -5     1000022     1000022                                                                                      
